1
1,2,3,4,5,6,7,8,9,10,11,12,13,14,15,16
16
-3.0,-2.24292006827,1.51605226409
-1.66121526316,-0.144360557848,0.504694326238
0.0270593030257,0.825819636748,-0.68937780078
2.95618461467,2.24292006827,-1.43709590951
-2.98539487157,-2.24292006827,1.48973347923
-1.64661013471,-0.144360557848,0.478375541393
0.0416644314651,0.825819636748,-0.715696585626
2.97078974312,2.24292006827,-1.4634146944
-2.9707897431,-2.24292006827,1.46341469437
-1.63200500627,-0.144360557848,0.452056756547
0.0562695599088,0.825819636748,-0.742015370471
2.98539487156,2.24292006827,-1.48973347924
-2.95618461466,-2.24292006827,1.43709590951
-1.61739987783,-0.144360557848,0.42573797166
0.0708746883525,0.825819636748,-0.768334155358
3.0,2.24292006827,-1.51605226409
