50
1,2,3,4,5,6,7,8,9,10,11,12,13,14,15,16
17,18,19,20,21,22,23,24,25,26,27,28,29,30,31,32
33,34,35,36,37,38,39,40,41,42,43,44,45,46,47,48
49,50,51,52,53,54,55,56,57,58,59,60,61,62,63,64
65,66,67,68,69,70,71,72,73,74,75,76,77,78,79,80
81,82,83,84,85,86,87,88,89,90,91,92,93,94,95,96
97,98,99,100,101,102,103,104,105,106,107,108,109,110,111,112
113,114,115,116,117,118,119,120,121,122,123,124,125,126,127,128
129,130,131,132,133,134,135,136,137,138,139,140,141,142,143,144
145,146,147,148,149,150,151,152,153,154,155,156,157,158,159,160
161,162,163,164,165,166,167,168,169,170,171,172,173,174,175,176
177,178,179,180,181,182,183,184,185,186,187,188,189,190,191,192
193,194,195,196,197,198,199,200,201,202,203,204,205,206,207,208
209,210,211,212,213,214,215,216,217,218,219,220,221,222,223,224
225,226,227,228,229,230,231,232,233,234,235,236,237,238,239,240
241,242,243,244,245,246,247,248,249,250,251,252,253,254,255,256
257,258,259,260,261,262,263,264,265,266,267,268,269,270,271,272
273,274,275,276,277,278,279,280,281,282,283,284,285,286,287,288
289,290,291,292,293,294,295,296,297,298,299,300,301,302,303,304
305,306,307,308,309,310,311,312,313,314,315,316,317,318,319,320
321,322,323,324,325,326,327,328,329,330,331,332,333,334,335,336
337,338,339,340,341,342,343,344,345,346,347,348,349,350,351,352
353,354,355,356,357,358,359,360,361,362,363,364,365,366,367,368
369,370,371,372,373,374,375,376,377,378,379,380,381,382,383,384
385,386,387,388,389,390,391,392,393,394,395,396,397,398,399,400
401,402,403,404,405,406,407,408,409,410,411,412,413,414,415,416
417,418,419,420,421,422,423,424,425,426,427,428,429,430,431,432
433,434,435,436,437,438,439,440,441,442,443,444,445,446,447,448
449,450,451,452,453,454,455,456,457,458,459,460,461,462,463,464
465,466,467,468,469,470,471,472,473,474,475,476,477,478,479,480
481,482,483,484,485,486,487,488,489,490,491,492,493,494,495,496
497,498,499,500,501,502,503,504,505,506,507,508,509,510,511,512
513,514,515,516,517,518,519,520,521,522,523,524,525,526,527,528
529,530,531,532,533,534,535,536,537,538,539,540,541,542,543,544
545,546,547,548,549,550,551,552,553,554,555,556,557,558,559,560
561,562,563,564,565,566,567,568,569,570,571,572,573,574,575,576
577,578,579,580,581,582,583,584,585,586,587,588,589,590,591,592
593,594,595,596,597,598,599,600,601,602,603,604,605,606,607,608
609,610,611,612,613,614,615,616,617,618,619,620,621,622,623,624
625,626,627,628,629,630,631,632,633,634,635,636,637,638,639,640
641,642,643,644,645,646,647,648,649,650,651,652,653,654,655,656
657,658,659,660,661,662,663,664,665,666,667,668,669,670,671,672
673,674,675,676,677,678,679,680,681,682,683,684,685,686,687,688
689,690,691,692,693,694,695,696,697,698,699,700,701,702,703,704
705,706,707,708,709,710,711,712,713,714,715,716,717,718,719,720
721,722,723,724,725,726,727,728,729,730,731,732,733,734,735,736
737,738,739,740,741,742,743,744,745,746,747,748,749,750,751,752
753,754,755,756,757,758,759,760,761,762,763,764,765,766,767,768
769,770,771,772,773,774,775,776,777,778,779,780,781,782,783,784
785,786,787,788,789,790,791,792,793,794,795,796,797,798,799,800
800
-0.768433893966,-0.754454732716,-0.753374797512
-0.714437133772,-0.710297382157,-0.54170749755
-0.610043397396,-0.656780593164,-0.575905445673
-0.549447033178,-0.515069095854,-0.707417554947
-0.802271863688,-1.05311681299,-0.574585524869
-0.723436593804,-1.02071875687,-0.573265604064
-0.802631842089,-1.08623482591,-0.555746655201
-0.808631482111,-1.11911285323,-0.442233465992
-0.81667099974,-1.09847409155,-0.780733156011
-0.7223566586,-0.889566626002,-0.672499650021
-0.901265924045,-0.804491730496,-0.480751154931
-0.829030258185,-0.81109133452,-0.510749355039
-0.617842929424,-1.01699898006,-0.84732916025
-0.585204887707,-1.08815471072,-0.801851888887
-0.471691698498,-1.28590284583,-0.810131392116
-0.585204887707,-1.26586404816,-1.02527848329
0.305861648301,-2.18212907226,-1.53344799312
0.208907465552,-1.76731396116,-1.60340379577
0.0943143411395,-1.73719576825,-1.33485990841
-0.231706097634,-1.8600683959,-1.70107793532
-0.110513369198,-1.90722556647,-1.88082715037
0.124192548447,-1.57496550207,-1.72519648821
-0.239865608064,-1.26802391856,-1.41333519989
0.194028358299,-0.81385116893,-1.26202427854
0.703157810531,-1.94298342099,-1.60328380297
1.05341679499,-1.62296262224,-1.55960642361
0.79711217327,-1.76887386757,-1.78303301802
1.1954882707,-1.70971741695,-1.5564866108
0.314741115533,-2.09189448633,-2.19772813631
0.683958962462,-1.71139731616,-2.27632342059
0.32770033798,-2.12237265764,-2.61746295222
0.302261864288,-2.08673479591,-2.67325960442
-0.530128192308,1.25758454493,0.92208467492
-0.732796032238,1.49661020339,0.64442133472
-1.03685778853,1.38177709337,0.645981241126
-1.09409435434,1.4727316361,0.749295042297
-0.896586204828,0.683059016459,1.02455852649
-0.642681439114,0.443193408395,0.731776093434
-1.04141751495,0.42771433714,1.14251144931
-0.764834109953,0.361958282503,0.831850088995
-0.292782433054,0.712697238166,1.43193408395
-0.0904745715257,0.740295582265,1.55756654601
-0.138591684499,0.595944243345,1.42269463832
-0.111233326,0.265484070956,1.7493150411
-0.441453512789,1.10543367398,1.27918324901
-0.483570985741,0.99444033358,0.945363278203
-0.140991540508,1.054316741,0.832330060196
0.200987940724,0.903485790853,1.22938623683
2.01455912645,1.09751414915,1.5838449693
2.06099634022,1.1398716077,1.59692418455
2.27386356819,1.40757554547,1.52600843949
2.49801011939,1.24606523609,1.25446473212
2.30110193388,1.10591364518,1.42677439354
2.14247145171,1.29826210427,1.62140271584
2.20978741276,1.53692778433,1.4721316721
2.14295142291,1.81759094454,1.48161110333
2.03351798892,1.12295262284,1.54508729476
1.8621682699,0.944283342999,1.59068455893
1.57742535448,0.631462112273,1.53836769794
1.55834649921,0.697458152511,1.4722516649
2.14151150931,1.00535967842,1.09487430754
1.84272943623,0.80845149291,1.03595784253
1.98420094794,0.602303861768,0.854168749875
2.06915585065,0.351278923265,1.15811051337
0.998220106794,-0.0125392476451,0.185568865868
0.916864988101,-0.12233266004,0.152450852949
0.886746795192,-0.336279823211,-0.175849449033
0.75271483711,-0.645261284323,0.0730156190629
0.871867687939,0.322960622363,0.284202947823
1.11329320241,0.0670159790413,0.097494150351
0.746115233086,0.30820150791,-0.227086374818
0.439773613583,0.594624322541,-0.0187788732676
1.24384536928,0.282043077415,0.0853748775073
1.1935683859,-0.0196188228706,-0.162170269784
1.33923964562,0.00665960042397,-0.0874147551147
1.58738475691,0.229006259624,0.0916145031298
1.2210467372,-0.0400175989441,-0.183528988261
1.4724316541,-0.054176749395,-0.0916145031298
1.70749755015,-0.233805971642,0.162170269784
1.96476211427,-0.132172069676,0.153890766554
-1.14785112893,-2.08109513429,-1.22266664
-0.967621942683,-2.22400655961,-1.24630522169
-1.45335279883,-1.82311061336,-1.11527308361
-1.58018518889,-1.31446113233,-0.855008699478
-0.70843749375,-1.44021358718,-2.04749715017
-0.591204527728,-1.21282723037,-2.0830150191
-1.00889946603,-0.776293422395,-1.72447653141
-0.823630582165,-0.890646561206,-2.1655700658
-0.452252864828,-2.0549367038,-2.04569725816
0.0386376817391,-2.06333619983,-1.83750974942
-0.099714017159,-2.28796272224,-1.39065656061
0.309461432314,-2.37315761054,-1.23382597044
-0.279943203408,-1.95558266504,-2.05733655981
0.207827530348,-2.23744575325,-2.08637481751
0.377497350159,-1.77511349319,-2.51030938144
0.343059416435,-2.1953282803,-2.04689718617
1.10813351199,-0.528628282303,0.164810111393
1.21528708278,-0.851168929864,0.262244265344
1.05017698938,-0.848049117053,-0.102173869568
1.1386116833,-0.926284422935,-0.490830550167
1.16956982581,0.343719376837,-0.270163790173
1.57994520329,0.213527188369,-0.306041637502
2.0006399616,0.223966562006,-0.18892866428
2.3616982981,0.204167749935,0.138291702498
1.50218986861,0.0120592764434,-0.0624562526248
1.98480091195,-0.368437893726,-0.500789952603
1.99200047997,-0.615743055417,-0.578665280083
1.61486310821,-0.421474711517,-0.548067115973
0.646761194328,0.117772933624,-0.349479031258
0.386976781393,0.514349139052,-0.603023818571
0.743715377077,0.608543487391,-0.50822950623
0.773833569986,0.930364178149,-0.592584444933
1.79809211447,-0.559706417615,-0.663260204388
1.83540987541,-0.571585704858,-0.787332760034
1.99524028558,-0.735615863048,-0.935043897366
1.81585104894,-0.632662040278,-0.835209887407
1.8900065996,-0.708017518949,-0.603863768174
1.75885446873,-0.663620182789,-0.605783652981
1.91916485011,-0.626542407456,-0.465872047677
1.81789092654,-0.518548887067,-0.629422234666
1.62818230906,-0.648501089935,-0.478951262924
1.58702477851,-0.601583904966,-0.518428894266
1.51058936464,-0.581065136092,-0.546987180769
1.65902045877,-0.421474711517,-0.66098034118
1.93020418775,-0.693618382897,-0.298962062276
1.82953022819,-0.662660240386,-0.351638901666
1.98540087595,-0.783492990421,-0.390516569006
2.0837949723,-0.717136971782,-0.351398916065
0.93618382897,-2.38659680419,-2.12261264324
0.867427954323,-2.32696038238,-2.18860868348
0.910145391277,-2.21284722917,-2.13605183689
1.01261924285,-2.20456772594,-2.08649481031
0.886386816791,-2.36595804252,-2.17264964102
0.810191388517,-2.43687378757,-2.24656520609
0.912905225686,-2.37039777613,-2.18116912985
0.812471251725,-2.3342799432,-2.22952622843
0.767953922765,-2.39511629302,-2.29420234786
0.78895266284,-2.51414915105,-2.28040317581
0.768313901166,-2.40051596904,-2.17012979221
0.827950322981,-2.3052416855,-2.05937643741
0.886626802392,-2.38599684019,-2.15705057697
0.954302741835,-2.3875567466,-2.17972921625
1.06733595984,-2.42715437074,-2.06909585425
1.15373077615,-2.43531388117,-2.01341919485
-1.26508409495,0.366877987321,0.26956382617
-1.1941683499,0.0907745535268,0.559226446413
-1.19284842909,0.579745215287,0.559826410415
-1.63622182669,0.355238685679,0.21400715957
-1.70029798212,0.408635481871,0.245685258884
-1.64426134432,0.86676799392,0.398556086635
-1.3887966722,1.38237705738,0.247485150891
-1.53614783113,1.87254764714,0.424114553127
-1.1389716617,1.01663900166,0.231646101234
-1.06457612543,1.54844709317,0.69169849809
-0.629242245465,1.01627902326,1.16315021099
-0.306101633902,1.15619062856,1.01771893686
-1.49043057417,0.630982141072,0.189048657081
-1.74349539028,0.482551046937,0.485790852549
-1.93176409415,0.123412595244,0.0290982541048
-1.70053796772,-0.21676699398,0.283482991021
0.734595924245,1.87050776953,1.723516589
0.602603843769,1.65668059916,1.52948823071
0.617842929424,1.68151910885,1.65428074316
0.742035477871,1.70623762574,1.86762794232
1.03193808371,1.83486990781,2.08097514149
1.15757054577,2.03117812931,2.22916625002
1.14341139532,2.20732756035,2.20276783393
1.09013459192,2.07017578945,2.20756754595
1.08893466392,1.65572065676,2.07173569586
1.07921524709,1.56560606364,2.11265324081
1.12289262644,1.75243485391,2.00849949003
1.23700577965,1.92126472412,2.1121732696
1.03553786773,1.74811511309,1.77127372358
0.923104613723,1.61516309021,1.66460012399
0.953342799432,1.79383237006,1.59296442213
0.921544707318,1.74139551627,1.47777133372
-1.82425054497,0.955082695038,1.20046797192
-1.73605583665,0.868687878727,1.06043637382
-1.68217906926,0.784452932824,1.09703417795
-1.57094574326,0.848169109853,1.17766933984
-1.97820130792,1.07855528668,1.08743475391
-1.93116413015,1.07987520749,1.17742935424
-2.06795592264,1.04147751135,1.31290122593
-2.07599544027,1.09379437234,1.4168149911
-2.1111533308,1.01351918885,1.17910925344
-2.25490470572,1.07243565386,1.23262604244
-2.23414595124,0.926044437334,1.26742395456
-2.35785852849,1.06535607864,1.40877547347
-1.98972061676,0.952922824631,1.20346779193
-2.10695358279,0.811331320121,1.0562366258
-2.18110913345,0.734175949443,0.91392516449
-2.21386716797,0.771133731976,0.850208987461
-0.101873887567,-1.35141891487,-0.697578145311
0.138231706098,-1.25206487611,-0.38619682819
-0.118672879627,-1.45593264404,-0.161330320181
0.0491970481771,-1.58192508449,-0.358478491291
-0.453932764034,-0.904805711657,-0.754694718317
-0.16103033818,-0.64166150031,-1.10183388997
-0.339099654021,-0.748455092694,-1.44081355119
-0.543927364358,-0.950162990221,-1.46373217607
-0.372817630942,-0.810011399316,-0.834729916205
-0.623002619843,-0.938163710177,-1.0557566546
-0.411695298282,-0.87228766274,-0.826570405776
-0.683838969662,-0.948603083815,-0.861368317901
-0.441333519989,-1.17058976461,-0.996480211187
-0.196908185509,-1.40661560306,-0.867247965122
-0.3332200068,-1.27078375297,-0.643941363518
-0.0311981281123,-1.2765434074,-0.623302601844
-1.6940583565,-1.74427534348,-2.15297082175
-1.32424054557,-1.94730316181,-2.54450732956
-1.16956982581,-2.2765634062,-2.51282923025
-1.27216367018,-2.64374137552,-2.69785812851
-1.93104413735,-2.01929884207,-1.90446573206
-2.17174969502,-2.11301321921,-2.22664640122
-2.18698878067,-2.25184488931,-2.06177629342
-2.29882207068,-2.55878647281,-1.777033378
-1.43223406596,-1.64384136952,-1.8061916285
-1.76269423835,-1.51892886427,-1.70647761134
-2.07731536108,-1.44177349359,-1.56872587645
-2.31022138672,-1.39929604224,-1.29874207548
-1.36563806172,-1.6941183529,-1.88046717197
-1.46667199968,-2.01389916605,-1.96962182269
-1.24288542687,-1.87446753195,-2.23804571726
-0.962942223467,-1.52132872028,-2.4179149251
0.554006759594,-2.32912025278,-2.22568645881
0.503969761814,-2.18896866188,-2.28424294542
0.542727436354,-2.08193508389,-2.19760814351
0.492810431374,-2.05181689099,-2.22784632922
0.534927904326,-2.49579025258,-2.23024618523
0.677239365638,-2.6105033698,-2.20312781233
0.773833569986,-2.7488550687,-2.06873587585
0.778753274804,-2.74057556547,-2.09753414795
0.775753454793,-2.39583624983,-2.23096614203
0.878467291962,-2.25784452933,-2.24368537888
1.01873887567,-2.23972561646,-2.19040857549
0.925864448133,-2.24320540768,-2.14721116733
0.511529308242,-2.50262984221,-2.37315761054
0.467851928884,-2.62130272184,-2.29852208867
0.403775773454,-2.48775073496,-2.41335519869
0.505769653821,-2.53790772554,-2.3900765954
1.63574185549,0.418114913105,0.34455932644
2.112233266,0.681859088455,0.062216267024
2.38125712457,0.505709657421,0.361478311301
2.79187248765,0.547707137572,-0.0218986860788
1.47447153171,0.580105193688,0.513149211047
1.38543687379,0.879727216367,0.943563386197
1.79425234486,0.525508469492,1.11911285323
1.44759314441,0.0448173109613,1.15763054217
1.26352418855,0.360158390497,0.666859988401
1.74637521749,0.206687598744,1.07159570426
2.08163510189,-0.112493250405,0.706217626942
1.83612983221,-0.423394596324,0.44715317081
1.46547207168,0.0547767133972,0.187608743475
1.30840149591,-0.258764474132,0.308801471912
1.60118392896,0.171289722617,0.0713357198568
1.45107293562,0.486510809351,-0.237645741256
-0.65828050317,1.6953182809,1.84446933184
-0.770953742775,1.79011259324,1.9717816931
-0.710237385757,1.78999260044,2.01641901486
-0.604043757375,1.90542567446,1.89390636562
-0.621202727836,1.62872227666,1.76395416275
-0.506369617823,1.57964522129,1.80259184449
-0.616163030218,1.63208207508,1.90674559526
-0.703757774534,1.76035437874,1.93482391057
-0.706397616143,1.60700357979,1.74751514909
-0.659000459972,1.64612123273,1.70839749615
-0.62780233186,1.69927804332,1.65020098794
-0.752354858708,1.610483371,1.76971381717
-0.625162490251,1.67467951923,1.90206587605
-0.561326320421,1.77127372358,1.90134591924
-0.542487450753,1.67575945443,1.96098234106
-0.483690978541,1.80175189489,1.84326940384
-0.770353778773,-1.80883147011,-1.39821610703
-1.01873887567,-1.832950023,-1.59584424935
-1.28176309421,-2.0825350479,-1.62212267264
-1.11893286403,-2.31424114553,-1.73947563146
-0.802031878087,-1.47081175129,-1.66124032558
-0.582565046097,-1.3602983821,-1.70155790653
-0.475171489711,-1.14107153571,-1.60592364458
-0.700277983321,-1.0846749195,-1.37985720857
-0.665000099994,-1.70059796412,-1.41297522149
-0.706157630542,-1.86690798552,-1.28050316981
-0.916265024099,-1.82227066376,-1.01987880727
-1.0273783573,-2.00789952603,-0.842049477031
-0.491370517769,-1.79419234846,-1.82995020299
-0.533008019519,-1.97718136912,-1.95954242745
-0.57776533408,-1.73743575385,-1.90722556647
-0.581125132492,-2.00165990041,-2.02001879887
-1.74445533268,0.719656820591,0.999600023999
-1.6950182989,0.674419534828,0.910685358878
-1.64090154591,0.735135891846,0.956882587045
-1.62542247465,0.810971341719,0.995400275983
-1.67161970282,0.895206287623,0.974161550307
-1.7769733816,0.777133371998,0.947763134212
-1.8880867148,0.878887266764,0.817210967342
-1.80781153131,0.875647461152,0.850208987461
-1.81633102014,0.747375157491,0.904925704458
-1.73197608144,0.759854408735,1.04735715857
-1.6659800412,0.663260204388,1.11251324921
-1.62818230906,0.541227526348,1.24294542327
-1.78069315841,0.717736935784,1.02635841849
-1.80289182649,0.643221406716,0.972481651101
-1.92576445413,0.707057576545,1.09355438674
-1.90584564926,0.65006099634,1.04471731696
-0.419854808711,1.47045177289,1.49673019619
-0.380977141372,1.50344979301,1.41093534388
-0.36945783253,1.6944783313,1.33629982201
-0.139671619703,1.76875387477,1.50752954823
-0.177109373438,1.49397036178,1.36257824531
0.0371977681339,1.39665620063,1.33725976441
-0.172669639822,1.3602983821,1.49565026098
-0.185628862268,1.41453512789,1.59656420615
-0.14987100774,1.63364198148,1.78219306842
-0.00707957522549,1.44729316241,1.88262704238
-0.095274283543,1.37661740296,1.82911025338
-0.0436773793572,1.34181949083,1.57736535808
-0.421654700718,1.63328200308,1.70803751775
-0.473011619303,1.61348319101,1.90494570326
-0.687318760874,1.73467591944,1.95018298902
-0.735315881047,1.93350398976,2.18692878427
2.23402595844,1.94214347139,1.93194408335
2.28070315781,1.85874847509,2.20816750995
1.97520148791,1.57964522129,2.08721476711
1.92012479251,1.54676719397,2.06381617103
1.74325540468,1.96986180829,2.3334399936
1.46151230926,1.81639101654,2.58182509049
1.62206267624,1.95942243465,2.6384616923
1.67629942203,1.87242765434,2.59814411135
1.72477651341,2.0833749975,2.26948383097
1.42599444033,2.06105633662,2.20816750995
1.29616223027,1.73563586185,2.26408415495
1.42791432514,1.76551406916,2.39175649461
2.20402775833,1.92882427054,1.99026058436
2.23882567046,2.05697658141,1.74295542267
1.90980541168,1.84554926704,1.94814311141
1.67773933564,1.99434033958,2.1931684099
1.60310381377,0.573625582465,0.726256424615
1.9437633742,0.368077915325,0.630742155471
1.59638421695,0.397836129832,0.723376597404
1.79965202088,0.652220866748,0.635181889087
1.22548647081,0.553226806392,0.650300981941
1.17700937944,0.542187468752,1.01711897286
1.17868927864,0.374437533748,0.924604523729
1.17652940824,0.254924704518,0.714137151771
1.71565706058,0.673219606824,0.717136971782
1.58162510249,0.820690758554,0.901445913245
1.25584464932,0.553586784793,0.697458152511
1.2228466292,0.496830190189,0.814931104134
1.60034397936,0.766334019959,0.784452932824
1.45755254685,1.09307441554,0.734055956643
1.60130392176,1.0544367338,0.997800131992
1.41375517469,1.31986080835,0.835689858608
0.301901885887,0.222526648401,0.292842429454
0.44709317441,0.16948983061,0.0236985780853
0.207467551947,0.0940143591385,-0.362678239306
0.403295802252,0.301241925484,-0.270043797372
0.283183009019,0.0878947263164,-0.171289722617
0.140391576505,-0.140331580105,-0.0733755974642
0.497010179389,-0.434553926764,-0.400835949843
0.295422274664,-0.0829750214987,-0.21388716677
0.246705197688,0.0014999100054,-0.0936543807372
0.137631742095,-0.296202227866,0.202967821931
0.530968141911,-0.105893646381,0.348999060056
0.934023958562,-0.0728956262624,0.116812991221
-0.264104153751,-0.445473271604,-0.226006439614
-0.00155990640562,-0.49155050697,-0.0451772893626
0.096954182749,-0.457592544447,-0.317560946343
0.0903545787253,-0.161570305782,-0.358718476891
-1.87200767954,-0.0716956982581,-0.187848729076
-1.88448693078,-0.193848369098,-0.414995100294
-1.71901685899,0.0204587724737,-0.484590924545
-1.96980181189,-0.174289542627,-0.345759254445
-1.93848369098,-0.132892026478,-0.25840449573
-1.67089974602,0.149331040138,-0.276523408595
-1.59446433214,0.439833609983,-0.473911565306
-1.61762294262,0.221926684399,-0.286362818231
-2.19718816871,-0.396756194628,-0.450272983621
-1.92900425974,-0.486870787753,-0.190728556287
-1.91472511649,-0.24448533088,-0.0709757414555
-1.81549107054,0.039177649341,0.200447973122
-2.06471611703,-0.294642321461,-0.242445453273
-1.76581405116,-0.158810471372,-0.220486770794
-1.47639141652,-0.182929024259,0.0151790892546
-1.38663680179,-0.178609283443,-0.0707357558546
0.0892746435214,1.46157230566,1.64912105274
0.224386536808,1.29994200348,1.57220566766
0.152990820551,1.43301401916,1.48485090895
0.0839949603024,1.45353278803,1.39365638062
0.0262784232946,1.67863928164,1.7509949403
0.0237585744855,1.55204687719,1.61852288863
0.0469171849689,1.3878967262,1.74091554507
0.0356378617283,1.48929064256,1.81495110293
0.0851948883067,1.55384676919,1.75939443633
0.0218386896786,1.58828470292,1.59032458053
0.138351698898,1.46157230566,1.6121632702
-0.0303581785093,1.50380977141,1.77295362278
0.212627242365,1.77919324841,1.70719756815
0.267103973762,1.72567645941,1.61960282383
0.254624722517,1.87146771194,1.52396856189
0.0878347299162,1.9455032698,1.34781913085
-0.848229106254,-1.14911105334,-1.92282463052
-0.880267183969,-0.809891406516,-2.43159410435
-0.835029898206,-0.282643041418,-2.29336239826
-0.674599524029,0.0140991540508,-1.86462812231
-0.287742735436,-1.66484010959,-1.62308261504
-0.807311561306,-1.35741855489,-1.32850028998
-0.803231806092,-1.92426454413,-1.67323960562
-0.967381957083,-1.70011799292,-1.57424554527
-0.265304081755,-1.25386476811,-1.57724536528
-0.362738235706,-1.12595244285,-2.04989700618
-0.00839949603024,-0.932644041358,-2.53574785513
-0.401975881447,-0.546747195168,-3.0
-0.204227746335,-1.21798692078,-0.876367417955
-0.115193088415,-1.01639901606,-0.908765474072
-0.495930244185,-1.2487050777,-0.992280463172
-0.505889646621,-1.40277583345,-0.729856208627
-0.209267443953,-0.229246245225,0.357758534488
-0.0772753634782,0.151250924945,0.805331680099
0.170029798212,0.543387396756,1.20682759034
0.611843289403,0.574585524869,1.30402175869
-0.560966342019,-0.38067715937,0.127252364858
-0.322660640362,-0.709817410955,0.250364978101
-0.0764354138752,-0.745335279883,0.480271183729
-0.241185528868,-1.03643781373,0.699618022919
-0.366817990921,-0.38043717377,-0.179569225846
-0.785472871628,-0.239565626062,-0.216886986781
-0.44997300162,-0.29176249425,-0.664340139592
-0.139911605304,0.161330320181,-0.758174509529
-0.269623822571,-0.0836949783013,0.236925784453
-0.434613923165,-0.441153530788,0.31120132792
0.0124792512449,-0.202007879527,0.369637821731
0.445173289603,-0.423154610723,0.348639081655
1.87848729076,-1.92474451533,-1.89054656721
1.80085194888,-2.04137751735,-1.88574685519
1.8325300482,-2.15729056257,-1.73827570346
1.78453292802,-2.17624942503,-1.83522988621
1.91496510209,-1.82143071416,-1.6124032558
2.06327620343,-1.88622682639,-1.75159490431
2.0827150371,-1.88190708557,-1.87422754635
2.17198968062,-1.87470751755,-1.72015679059
2.05211687299,-1.86978781273,-1.74715517069
1.9437633742,-1.80223186609,-1.79815211087
2.04947703138,-1.71571705698,-1.79539227646
2.03399796012,-1.72807631542,-1.71331720097
2.03387796732,-2.01797892126,-1.6936383817
1.91088534688,-2.05313681179,-1.56428614283
2.01119932804,-2.15429074256,-1.49721016739
1.98768073916,-2.167249965,-1.37817730936
1.90428574286,1.7213567186,1.34649921005
1.78705277683,1.43433393996,1.00475971442
1.86840789553,1.32130072196,1.02215867048
1.88436693798,1.60736355819,0.778693278403
1.40511569306,1.18390896546,1.31818090915
1.12841229526,0.958682479051,1.57196568206
1.42515449073,0.749415035098,1.12859228446
1.388316701,0.875287482751,1.5008099514
1.61498310101,1.68919864808,1.90506569606
1.23304601724,1.32622042677,2.14817110973
1.33156010639,1.03043817371,2.24620522769
1.17316960982,0.745935243885,1.8333100014
1.49163050217,1.77247365158,1.19770813751
1.70185788853,2.15453072816,0.78325300482
1.97808131512,1.81939083655,0.480271183729
1.69201847889,1.83594984301,0.854888706678
1.22548647081,-0.187488750675,-0.142851428914
1.00385976841,-0.0109793412395,-0.134211947283
0.770113793172,0.171169729816,-0.315281083135
0.384216946983,-0.195648261104,-0.494670319781
1.44243345399,-0.193128412295,-0.183648981061
1.55222686639,-0.128092314461,-0.543147411155
1.92876427414,0.223006619603,-0.682339059656
1.99716017039,0.605783652981,-0.755774653521
1.18960862348,-0.769693818371,-0.745815251085
1.21768693878,-0.805811651301,-0.624502529848
1.39551626902,-0.820090794552,-0.232606043637
1.387716737,-0.985200887947,-0.372517648941
0.816311021339,-0.262124272544,-0.731056136632
1.13297202168,0.00509969401836,-1.00487970722
1.03289802612,0.114653120813,-1.36713797172
0.637761734296,0.20836749795,-1.35933843969
-2.25970441773,-1.79527228366,-1.78999260044
-1.92984420935,-1.47801131932,-1.48269103854
-1.99212047277,-1.59512429254,-1.38177709337
-2.19094854309,-1.69087854729,-1.29070255785
-2.40021598704,-1.95702257865,-1.90458572486
-2.31574105554,-2.13125212487,-1.96926184429
-2.35845849249,-2.33643981361,-1.7230366178
-2.02055876647,-2.2771633702,-1.84098954063
-1.77133371998,-1.8042717437,-1.55192688439
-2.00891946483,-1.83834969902,-1.5291282523
-2.28598284103,-1.72651640902,-1.62104273744
-2.58644481331,-1.88382697038,-1.73323600584
-1.96752194868,-1.60484370938,-1.83594984301
-1.9178449293,-1.94190348579,-2.07653540788
-1.57514549127,-2.2782433054,-1.95078295302
-1.93272403656,-2.22616643001,-1.74595524269
0.94986300822,0.22768633882,0.432034077955
1.1946483211,-0.0593364398136,0.545187288763
1.4999100054,-0.077215367078,0.631702097874
1.42563446193,0.149571025738,0.592824430534
1.19800811951,0.576385416875,0.433114013159
1.26760394376,0.39447633142,0.618502889827
0.973141611503,0.372517648941,0.878407295562
0.91950482971,0.134691918485,1.00679959202
1.25668459892,0.722056676599,0.385476871388
1.14281143131,0.769933803972,0.449793012419
1.30276183429,0.470191788493,0.341199528028
1.02353858768,0.699498030118,0.0400175989441
1.05113693178,0.327040377577,0.841929484231
0.77491350519,0.178369297842,0.872647641142
0.504089754615,0.157370557767,0.978121312721
0.560246385217,0.00641961482311,0.916445013299
-0.150710957343,1.17778933264,1.51592904426
-0.00311981281123,1.30126192428,1.71979681219
0.200267983921,1.17154970702,1.72075675459
0.231466112033,0.963242205468,1.92462452253
-0.0554366737996,1.43037417755,1.65176089435
-0.128392296462,1.55804651721,1.74367537948
-0.163190208587,1.75579465232,1.63496190229
-0.136431814091,1.85142891427,1.71199728016
0.0886746795192,1.49577025378,1.54268743875
0.0693558386497,1.37313761174,1.59992400456
-0.0159590424575,1.21402715837,1.8042717437
0.157670539768,1.16926984381,1.59548427094
0.11951282923,1.38261704298,1.41105533668
0.199188048717,1.31206127632,1.41225526468
0.318580885147,1.30282183069,1.45197288163
0.437613743175,1.20502769834,1.49457032578
0.712037277763,1.42125472472,1.26238425694
0.790032598044,1.44189348639,1.39161650301
0.524128552287,1.27606343619,1.02071875687
0.442293462392,1.01387916725,1.35609863408
0.514649121053,0.95280283183,1.01363918165
0.928384296942,0.749775013499,0.807851528908
0.652400855949,0.850208987461,0.734415935044
0.918544887307,0.461312321261,0.521308721477
0.303461792292,1.20118792872,1.06619602824
0.0663560186389,1.21162730236,1.00991940484
0.318100913945,0.850208987461,0.890526568406
0.0436773793572,0.810011399316,0.951482911025
0.535527868328,1.35321880687,1.77295362278
0.137871727696,1.16159030458,2.04149751015
-0.203747775133,1.16171029738,1.77163370198
-0.318940863548,1.44789312641,1.9731016139
-1.53734775913,-1.2497850129,-0.929044257345
-1.40775553467,-1.20106793592,-0.711617302962
-1.35207887527,-1.1938683679,-0.745215287083
-1.41891486511,-1.15355078695,-0.536427814331
-1.81981081135,-1.37601743895,-1.25578465292
-1.60022398656,-1.47657140572,-1.40217586945
-1.88052716837,-1.37421754695,-1.3331800092
-2.14979101254,-1.37853728776,-1.4993700378
-1.6098234106,-1.19206847589,-0.770413775173
-1.35363878167,-1.18102913825,-0.9722416655
-1.08617482951,-1.16003039818,-0.735375877447
-0.993900365978,-0.967681939084,-0.767173969562
-1.69237845729,-1.28782273064,-0.728296302222
-1.62866228026,-1.56980581165,-0.600263984161
-1.63526188429,-1.81135131892,-0.662300261984
-1.7221366718,-1.62440253585,-0.465152090875
2.02967821931,0.0185388876667,0.500189988601
1.87968721877,-0.167089974602,0.345159290443
2.09051456913,-0.0995340279583,0.585504869708
2.16131032138,-0.11933284003,0.472951622903
1.92120472772,-0.0542967421955,0.0762554246745
1.71685698858,-0.0325780453173,0.012779233246
1.90344579325,-0.148371097734,0.0856148631082
1.96608203508,0.0640161590305,-0.11669299842
2.15327080375,0.0364178149311,0.348279103254
2.28898266104,-0.199728016319,0.318880867148
2.1389916605,-0.00641961482311,0.303401795892
2.09735415875,0.115013099214,0.0959342439454
1.99656020639,0.208727476351,0.428314301142
2.08691478511,0.145251284923,0.65282083075
2.24362538248,0.302081875087,0.614183149011
2.23042617443,0.130372177669,0.709817410955
0.885426874388,-1.94130352179,-1.60628362298
0.724036557807,-2.14661120333,-1.53332800032
0.536847789133,-1.9175449473,-1.65404075755
0.646401215927,-1.78339299642,-1.88214707118
0.779593224407,-1.92858428494,-1.7509949403
0.807671539708,-1.8324700518,-1.97478151311
0.918424894506,-1.81747095174,-1.75159490431
0.853508789473,-2.06585604864,-1.56140631562
0.65012099274,-1.73035617863,-1.48473091615
0.57224566526,-1.81555106694,-1.29142251465
0.539247645141,-1.69291842489,-1.12535247885
0.410015399076,-1.69111853289,-0.948723076615
0.932944023359,-1.85226886387,-1.43637381757
0.74167549947,-2.04233745975,-1.65584064956
0.985860848349,-1.84158950463,-1.64468131912
0.948183109013,-1.62668239906,-1.67191968482
-1.77025378477,0.0242985420875,0.192888426694
-1.48479091255,-0.110933343999,0.526228426294
-1.55186688799,0.0280183189009,0.759494430334
-1.55018698878,0.319960802352,0.881887086775
-2.13407195568,0.381997080175,0.0628162310261
-2.19682819031,0.603983760974,-0.00881947083175
-2.22838629682,0.870367777933,-0.210767353959
-1.86900785953,1.20154790713,-0.0308981461112
-1.57742535448,0.338079715217,-0.125812451253
-1.99644021359,-0.0606563606184,-0.1111733296
-1.69141851489,-0.183648981061,0.197448153111
-1.9710017399,0.101213927164,0.0481771093734
-2.00915945043,0.048057116573,0.295122292662
-1.88436693798,-0.357878527288,0.430114193148
-1.99476031438,-0.6387816731,0.0214187148771
-2.23642581445,-0.64730116193,-0.196488210707
-0.4444533328,-2.29024258544,-2.19616822991
-0.534327940324,-2.00657960522,-2.39091654501
-0.85842849429,-1.94982301062,-2.18200907946
-0.585564866108,-1.84146951183,-2.15321080735
-0.5001299922,-2.18260904346,-2.20900745955
-0.562286262824,-2.07293562386,-1.89186648801
-0.882667039978,-1.96602203868,-1.58840469572
-0.946743195408,-2.07497550147,-1.60844349339
-0.225346479211,-2.07149571026,-2.07113573186
-0.106913585185,-1.75939443633,-2.30776153431
0.137271763694,-1.84914905106,-2.49159050457
0.454052756835,-2.04929704218,-2.76745395276
-0.482971021739,-2.22880627162,-1.92390456573
-0.351578905266,-2.4158750475,-1.99362038278
-0.329740215587,-2.7217366958,-2.0273383597
-0.0557966522009,-2.73289602624,-2.29696218227
-2.09519428834,-2.06429614223,-1.41957482551
-2.04071755695,-1.98858068516,-1.74103553787
-2.41473511589,-2.07149571026,-1.8067915925
-2.05055696658,-1.91442513449,-1.5267283963
-2.07839529628,-2.16916984981,-1.98222106674
-2.01947883127,-2.29528228306,-1.94850308981
-1.9159250445,-2.55338679679,-2.26024438534
-1.71637701738,-2.76577405356,-2.44203347799
-2.51312921225,-1.43805371678,-1.71475711457
-2.11571305722,-1.81303121813,-1.75147491151
-2.14823110613,-2.14601123933,-1.59812411255
-2.09159450433,-2.51870887747,-1.60028398296
-2.5564466132,-1.56896586205,-1.73659580425
-2.2214267144,-1.39413635182,-1.96626202428
-2.09903405796,-1.17958922465,-1.58012519249
-2.44029358239,-0.854528728276,-1.7509949403
0.206507609543,-0.293442393456,-0.274363538188
0.195468271904,-0.229486230826,-0.33052016879
0.104993700378,-0.131092134472,-0.287442753435
0.187788732676,-0.000779953202808,-0.312521248725
0.232906025638,-0.285522868628,-0.187488750675
0.30010199388,-0.216167029978,-0.29728216307
0.212627242365,-0.328840269584,-0.254924704518
0.274063556187,-0.231886086835,-0.275443473392
0.185748855069,-0.268723876567,-0.0785352878827
0.0896346219227,-0.344799312041,-0.0856148631082
-0.010559366438,-0.374677519349,0.0521368717877
-0.0254384736916,-0.243405395676,0.0953342799432
0.148071115733,-0.201647901126,-0.198168109913
0.0383976961382,-0.21952682839,-0.100373977561
0.167749935004,-0.184008959462,-0.0776953382797
0.0573565586065,-0.226006439614,-0.212567245965
1.35891846489,-0.798612083275,-0.324280543167
1.54550726956,-0.816251024939,-0.136371817691
1.49499030058,-0.987240765554,-0.157250564966
1.50446973182,-1.03847769134,-0.279283243005
1.37715737056,-0.555266683999,-0.589584624923
1.35111893286,-0.499470031798,-0.728416295022
1.51358918465,-0.611543307402,-0.642981421115
1.32856028638,-0.539427634342,-0.712577245365
1.60826350419,-0.488310701358,-0.331840089595
1.75777453353,-0.642021478711,-0.148491090535
1.55762654241,-0.534507929524,-0.135291882487
1.42587444753,-0.459032458053,-0.128092314461
1.4175949443,-0.53042817431,-0.528028318301
1.50686958782,-0.600383976961,-0.660260384377
1.48647081175,-0.715217086975,-0.655940643561
1.36767793932,-0.597624142551,-0.733575985441
-1.5833050017,1.85226886387,1.51064936104
-1.56446613203,2.13329200248,1.54292742435
-1.28572285663,2.04209747415,1.7491950483
-0.861668299902,2.02205867648,1.98714077155
-1.09841409515,1.9164650121,2.21884686919
-1.05077695338,2.31100133992,2.56106633602
-1.20676759394,2.6670199788,3.0
-1.4444733316,2.62766234026,2.6099034058
-0.945663260204,2.09705417675,1.93026418415
-1.10345379277,1.95210287383,1.8897066176
-0.703157810531,1.85286882787,1.73671579705
-1.0002599844,1.42725436474,2.06177629342
-1.53974761514,2.10593364398,2.12093274404
-1.76965382077,2.5284282943,1.73503589785
-1.90320580765,2.12549247045,1.51772893626
-2.00687958722,1.93062416255,1.5839649621
-2.02007879527,1.82683039018,1.49253044817
-1.99056056637,1.62980221187,1.69231846089
-2.1124732516,1.72651640902,2.02229866208
-2.2496250225,1.65812051277,1.88442693438
-1.89948603084,1.39773613583,1.70143791373
-1.56854588725,1.35753854769,2.07581545107
-1.80361178329,1.20838749675,2.19004859708
-1.83157010579,1.10027398356,2.21992680439
-2.20786752795,1.48437093774,1.64432134072
-2.29174249545,1.3066616003,1.40217586945
-2.03879767214,0.99168049917,1.10099394036
-2.4174949503,1.29286242825,1.22890626562
-2.36985780853,1.53512789233,1.37301761894
-2.3889366638,1.35009899406,1.39497630142
-2.22070675759,1.01459912405,1.04819710817
-2.41917484951,0.708857468552,0.69721816691
-1.1654900706,-2.01569905806,-1.74175549467
-0.98610083395,-1.95438273704,-1.67215967042
-0.822670639762,-2.0558966462,-1.49589024659
-0.913385196888,-2.04185748855,-1.62980221187
-1.20088794672,-2.25184488931,-1.75663460192
-1.36683798972,-2.28328300302,-1.9722616643
-1.55978641282,-2.42247465152,-1.92294462332
-1.58558486491,-2.45799252045,-2.1114533128
-1.55978641282,-2.28172309661,-2.03633781973
-1.72921624703,-2.16928984261,-1.97622142671
-1.68517888927,-2.31832090075,-1.79827210367
-1.62494250345,-2.42691438514,-1.91310521369
-1.27168369898,-1.85802851829,-1.73515589065
-1.24144551327,-1.85118892866,-1.66220026798
-1.24708517489,-1.65236085835,-1.45005299682
-1.29904205748,-1.51820890747,-1.64300141991
1.41879487231,-0.0323380597164,0.0960542367458
1.6100633962,0.0175789452633,0.181369117853
1.68901865888,-0.00377977321361,0.0793752374858
1.77589344639,-0.148971061736,0.10553366798
1.42827430354,0.189888606684,0.162770233786
1.59914405136,0.260444373338,0.0184188948663
1.73017618943,0.189168649881,-0.0694158350499
1.62662240266,0.307121572706,-0.0665360078395
1.68397896126,0.258524488531,0.103373797572
1.67461952283,0.0934143951363,0.10289382637
1.68241905486,-0.0124192548447,0.172729636222
1.6098234106,0.12497250165,0.138171709697
1.46571205728,0.296202227866,0.235845849249
1.52186868788,0.175849449033,0.118372897626
1.61834289943,0.0181789092654,0.212567245965
1.53854768714,0.157610543367,0.0968941863488
-0.822670639762,0.386796792192,0.382597044177
-0.73879567226,0.641301521909,0.636741795492
-1.07525548467,0.668539887607,0.36375817451
-1.29028258305,0.676579405236,0.345879247245
-0.732196068236,0.365198088115,0.848289102654
-0.382417054977,0.270043797372,0.635661860288
-0.57224566526,-0.0281383117013,0.709097454153
-0.481411115333,0.167569945803,1.03715777053
-1.03445793252,0.603983760974,1.0264784113
-1.2779233246,0.906845589265,0.721696698198
-0.978421294722,0.57782533048,0.873127612343
-0.635361878287,0.739335639862,1.01555906646
-1.03961762294,0.270163790173,0.760574365538
-0.967261964282,0.586704797712,1.08851468912
-1.2215267084,0.423994560326,1.12355258684
-1.30024198548,0.225886446813,0.787572745635
0.516089034658,1.63268203908,1.45773253605
0.686358818471,1.74751514909,1.22758634482
0.657560546367,1.7499150051,1.29490230586
0.657080575165,1.66280023199,1.2494250345
0.932824030558,1.32430054197,1.42113473192
0.682879027258,1.49013059216,1.65080095194
0.505049697018,1.54244745315,1.57376557407
0.67495950243,1.3877767334,1.43565386077
0.621562706238,1.38357698538,1.46661200328
0.788112713237,1.49817010979,1.64252144871
1.01369917805,1.29370237786,1.4996100234
1.07801531908,1.56212627242,1.64060156391
0.951422914625,1.19698818071,1.37829730216
0.760154390737,1.07975521469,1.55300681959
0.612923224607,1.28830270184,1.81591104534
0.834429934204,1.40613563186,1.69891806492
-1.86348819071,2.10089394636,1.46421214727
-1.73089614623,2.27296362218,1.67191968482
-1.67269963802,2.16976981381,1.43157410555
-2.12807231566,1.86474811511,1.51076935384
-2.21746695198,1.58120512769,1.74295542267
-1.72933623983,1.95042297462,1.70359778413
-1.93308401496,2.44239345639,1.55792652441
-1.88004719717,2.76577405356,1.45773253605
-2.28070315781,1.42857428554,1.38057716537
-2.0264384137,1.23046617203,1.81999080055
-2.52548847069,1.58768473892,2.07929524229
-2.79187248765,1.6385616863,2.12405255685
-2.10827350359,1.2489450633,1.68151910885
-2.29630222187,1.75567465952,1.6679599224
-2.69935803852,1.70167789933,1.79683219007
-2.60492370458,1.73095614263,2.03237805732
-1.57202567846,-1.39929604224,-1.16459012459
-1.43739375637,-1.50764954103,-1.19914805112
-1.42395456273,-1.64252144871,-1.22506649601
-1.46955182689,-1.56080635162,-1.36401815891
-1.37811731296,-1.26502409855,-1.00463972162
-1.38207707538,-1.39833609983,-1.07171569706
-1.42467451953,-1.38717676939,-0.976441413515
-1.49691018539,-1.29106253625,-0.938163710177
-1.37451752895,-1.39425634462,-1.23238605684
-1.33539987601,-1.48617082975,-1.13183209007
-1.35435873848,-1.612283263,-1.15319080855
-1.43775373478,-1.54880707158,-1.18162910225
-1.49715017099,-1.4180149191,-1.30366178029
-1.62566246025,-1.56260624363,-1.26502409855
-1.49211047337,-1.5558866468,-1.11743295402
-1.59290442573,-1.54784712917,-1.24750514969
