32
1,2,3,4,5,6,7,8,9,10,11,12,13,14,15,16
17,18,19,20,21,22,23,24,25,26,27,28,29,30,31,32
33,34,35,36,37,38,39,40,41,42,43,44,45,46,47,48
49,50,51,52,53,54,55,56,57,58,59,60,61,62,63,64
65,66,67,68,69,70,71,72,73,74,75,76,77,78,79,80
81,82,83,84,85,86,87,88,89,90,91,92,93,94,95,96
97,98,99,100,101,102,103,104,105,106,107,108,109,110,111,112
113,114,115,116,117,118,119,120,121,122,123,124,125,126,127,128
129,130,131,132,133,134,135,136,137,138,139,140,141,142,143,144
145,146,147,148,149,150,151,152,153,154,155,156,157,158,159,160
161,162,163,164,165,166,167,168,169,170,171,172,173,174,175,176
177,178,179,180,181,182,183,184,185,186,187,188,189,190,191,192
193,194,195,196,197,198,199,200,201,202,203,204,205,206,207,208
209,210,211,212,213,214,215,216,217,218,219,220,221,222,223,224
225,226,227,228,229,230,231,232,233,234,235,236,237,238,239,240
241,242,243,244,245,246,247,248,249,250,251,252,253,254,255,256
257,258,259,260,261,262,263,264,265,266,267,268,269,270,271,272
273,274,275,276,277,278,279,280,281,282,283,284,285,286,287,288
289,290,291,292,293,294,295,296,297,298,299,300,301,302,303,304
305,306,307,308,309,310,311,312,313,314,315,316,317,318,319,320
321,322,323,324,325,326,327,328,329,330,331,332,333,334,335,336
337,338,339,340,341,342,343,344,345,346,347,348,349,350,351,352
353,354,355,356,357,358,359,360,361,362,363,364,365,366,367,368
369,370,371,372,373,374,375,376,377,378,379,380,381,382,383,384
385,386,387,388,389,390,391,392,393,394,395,396,397,398,399,400
401,402,403,404,405,406,407,408,409,410,411,412,413,414,415,416
417,418,419,420,421,422,423,424,425,426,427,428,429,430,431,432
433,434,435,436,437,438,439,440,441,442,443,444,445,446,447,448
449,450,451,452,453,454,455,456,457,458,459,460,461,462,463,464
465,466,467,468,469,470,471,472,473,474,475,476,477,478,479,480
481,482,483,484,485,486,487,488,489,490,491,492,493,494,495,496
497,498,499,500,501,502,503,504,505,506,507,508,509,510,511,512
512
-2.08045977011,0.0,-0.689655172414
-2.08045977011,-1.02988505747,-0.689655172414
-1.27126436782,-1.83908045977,-0.689655172414
-0.241379310345,-1.83908045977,-0.689655172414
-2.08045977011,0.0,-1.10344827586
-2.08045977011,-1.02988505747,-1.10344827586
-1.27126436782,-1.83908045977,-1.10344827586
-0.241379310345,-1.83908045977,-1.10344827586
-1.62068965517,0.0,-1.31034482759
-1.62068965517,-0.772413793103,-1.31034482759
-1.01379310345,-1.37931034483,-1.31034482759
-0.241379310345,-1.37931034483,-1.31034482759
-1.62068965517,0.0,-1.37931034483
-1.62068965517,-0.772413793103,-1.37931034483
-1.01379310345,-1.37931034483,-1.37931034483
-0.241379310345,-1.37931034483,-1.37931034483
-0.241379310345,-1.83908045977,-0.689655172414
0.788505747126,-1.83908045977,-0.689655172414
1.59770114943,-1.02988505747,-0.689655172414
1.59770114943,0.0,-0.689655172414
-0.241379310345,-1.83908045977,-1.10344827586
0.788505747126,-1.83908045977,-1.10344827586
1.59770114943,-1.02988505747,-1.10344827586
1.59770114943,0.0,-1.10344827586
-0.241379310345,-1.37931034483,-1.31034482759
0.531034482759,-1.37931034483,-1.31034482759
1.13793103448,-0.772413793103,-1.31034482759
1.13793103448,0.0,-1.31034482759
-0.241379310345,-1.37931034483,-1.37931034483
0.531034482759,-1.37931034483,-1.37931034483
1.13793103448,-0.772413793103,-1.37931034483
1.13793103448,0.0,-1.37931034483
-1.62068965517,0.0,0.689655172414
-1.62068965517,-0.772413793103,0.689655172414
-1.01379310345,-1.37931034483,0.689655172414
-0.241379310345,-1.37931034483,0.689655172414
-1.85057471264,0.0,0.206896551724
-1.85057471264,-0.901149425287,0.206896551724
-1.14252873563,-1.6091954023,0.206896551724
-0.241379310345,-1.6091954023,0.206896551724
-2.08045977011,0.0,-0.275862068966
-2.08045977011,-1.02988505747,-0.275862068966
-1.27126436782,-1.83908045977,-0.275862068966
-0.241379310345,-1.83908045977,-0.275862068966
-2.08045977011,0.0,-0.689655172414
-2.08045977011,-1.02988505747,-0.689655172414
-1.27126436782,-1.83908045977,-0.689655172414
-0.241379310345,-1.83908045977,-0.689655172414
-0.241379310345,-1.37931034483,0.689655172414
0.531034482759,-1.37931034483,0.689655172414
1.13793103448,-0.772413793103,0.689655172414
1.13793103448,0.0,0.689655172414
-0.241379310345,-1.6091954023,0.206896551724
0.659770114943,-1.6091954023,0.206896551724
1.36781609195,-0.901149425287,0.206896551724
1.36781609195,0.0,0.206896551724
-0.241379310345,-1.83908045977,-0.275862068966
0.788505747126,-1.83908045977,-0.275862068966
1.59770114943,-1.02988505747,-0.275862068966
1.59770114943,0.0,-0.275862068966
-0.241379310345,-1.83908045977,-0.689655172414
0.788505747126,-1.83908045977,-0.689655172414
1.59770114943,-1.02988505747,-0.689655172414
1.59770114943,0.0,-0.689655172414
-1.52873563218,0.0,0.689655172414
-1.52873563218,-0.72091954023,0.689655172414
-0.962298850575,-1.28735632184,0.689655172414
-0.241379310345,-1.28735632184,0.689655172414
-1.47126436782,0.0,0.810344827586
-1.47126436782,-0.688735632184,0.810344827586
-0.930114942529,-1.22988505747,0.810344827586
-0.241379310345,-1.22988505747,0.810344827586
-1.5632183908,0.0,0.810344827586
-1.5632183908,-0.740229885057,0.810344827586
-0.981609195402,-1.32183908046,0.810344827586
-0.241379310345,-1.32183908046,0.810344827586
-1.62068965517,0.0,0.689655172414
-1.62068965517,-0.772413793103,0.689655172414
-1.01379310345,-1.37931034483,0.689655172414
-0.241379310345,-1.37931034483,0.689655172414
-0.241379310345,-1.28735632184,0.689655172414
0.479540229885,-1.28735632184,0.689655172414
1.04597701149,-0.72091954023,0.689655172414
1.04597701149,0.0,0.689655172414
-0.241379310345,-1.22988505747,0.810344827586
0.447356321839,-1.22988505747,0.810344827586
0.988505747126,-0.688735632184,0.810344827586
0.988505747126,0.0,0.810344827586
-0.241379310345,-1.32183908046,0.810344827586
0.498850574713,-1.32183908046,0.810344827586
1.08045977011,-0.740229885057,0.810344827586
1.08045977011,0.0,0.810344827586
-0.241379310345,-1.37931034483,0.689655172414
0.531034482759,-1.37931034483,0.689655172414
1.13793103448,-0.772413793103,0.689655172414
1.13793103448,0.0,0.689655172414
1.59770114943,0.0,-0.689655172414
1.59770114943,1.02988505747,-0.689655172414
0.788505747126,1.83908045977,-0.689655172414
-0.241379310345,1.83908045977,-0.689655172414
1.59770114943,0.0,-1.10344827586
1.59770114943,1.02988505747,-1.10344827586
0.788505747126,1.83908045977,-1.10344827586
-0.241379310345,1.83908045977,-1.10344827586
1.13793103448,0.0,-1.31034482759
1.13793103448,0.772413793103,-1.31034482759
0.531034482759,1.37931034483,-1.31034482759
-0.241379310345,1.37931034483,-1.31034482759
1.13793103448,0.0,-1.37931034483
1.13793103448,0.772413793103,-1.37931034483
0.531034482759,1.37931034483,-1.37931034483
-0.241379310345,1.37931034483,-1.37931034483
-0.241379310345,1.83908045977,-0.689655172414
-1.27126436782,1.83908045977,-0.689655172414
-2.08045977011,1.02988505747,-0.689655172414
-2.08045977011,0.0,-0.689655172414
-0.241379310345,1.83908045977,-1.10344827586
-1.27126436782,1.83908045977,-1.10344827586
-2.08045977011,1.02988505747,-1.10344827586
-2.08045977011,0.0,-1.10344827586
-0.241379310345,1.37931034483,-1.31034482759
-1.01379310345,1.37931034483,-1.31034482759
-1.62068965517,0.772413793103,-1.31034482759
-1.62068965517,0.0,-1.31034482759
-0.241379310345,1.37931034483,-1.37931034483
-1.01379310345,1.37931034483,-1.37931034483
-1.62068965517,0.772413793103,-1.37931034483
-1.62068965517,0.0,-1.37931034483
1.13793103448,0.0,0.689655172414
1.13793103448,0.772413793103,0.689655172414
0.531034482759,1.37931034483,0.689655172414
-0.241379310345,1.37931034483,0.689655172414
1.36781609195,0.0,0.206896551724
1.36781609195,0.901149425287,0.206896551724
0.659770114943,1.6091954023,0.206896551724
-0.241379310345,1.6091954023,0.206896551724
1.59770114943,0.0,-0.275862068966
1.59770114943,1.02988505747,-0.275862068966
0.788505747126,1.83908045977,-0.275862068966
-0.241379310345,1.83908045977,-0.275862068966
1.59770114943,0.0,-0.689655172414
1.59770114943,1.02988505747,-0.689655172414
0.788505747126,1.83908045977,-0.689655172414
-0.241379310345,1.83908045977,-0.689655172414
-0.241379310345,1.37931034483,0.689655172414
-1.01379310345,1.37931034483,0.689655172414
-1.62068965517,0.772413793103,0.689655172414
-1.62068965517,0.0,0.689655172414
-0.241379310345,1.6091954023,0.206896551724
-1.14252873563,1.6091954023,0.206896551724
-1.85057471264,0.901149425287,0.206896551724
-1.85057471264,0.0,0.206896551724
-0.241379310345,1.83908045977,-0.275862068966
-1.27126436782,1.83908045977,-0.275862068966
-2.08045977011,1.02988505747,-0.275862068966
-2.08045977011,0.0,-0.275862068966
-0.241379310345,1.83908045977,-0.689655172414
-1.27126436782,1.83908045977,-0.689655172414
-2.08045977011,1.02988505747,-0.689655172414
-2.08045977011,0.0,-0.689655172414
1.04597701149,0.0,0.689655172414
1.04597701149,0.72091954023,0.689655172414
0.479540229885,1.28735632184,0.689655172414
-0.241379310345,1.28735632184,0.689655172414
0.988505747126,0.0,0.810344827586
0.988505747126,0.688735632184,0.810344827586
0.447356321839,1.22988505747,0.810344827586
-0.241379310345,1.22988505747,0.810344827586
1.08045977011,0.0,0.810344827586
1.08045977011,0.740229885057,0.810344827586
0.498850574713,1.32183908046,0.810344827586
-0.241379310345,1.32183908046,0.810344827586
1.13793103448,0.0,0.689655172414
1.13793103448,0.772413793103,0.689655172414
0.531034482759,1.37931034483,0.689655172414
-0.241379310345,1.37931034483,0.689655172414
-0.241379310345,1.28735632184,0.689655172414
-0.962298850575,1.28735632184,0.689655172414
-1.52873563218,0.72091954023,0.689655172414
-1.52873563218,0.0,0.689655172414
-0.241379310345,1.22988505747,0.810344827586
-0.930114942529,1.22988505747,0.810344827586
-1.47126436782,0.688735632184,0.810344827586
-1.47126436782,0.0,0.810344827586
-0.241379310345,1.32183908046,0.810344827586
-0.981609195402,1.32183908046,0.810344827586
-1.5632183908,0.740229885057,0.810344827586
-1.5632183908,0.0,0.810344827586
-0.241379310345,1.37931034483,0.689655172414
-1.01379310345,1.37931034483,0.689655172414
-1.62068965517,0.772413793103,0.689655172414
-1.62068965517,0.0,0.689655172414
1.32183908046,0.0,-0.206896551724
1.32183908046,0.606896551724,-0.206896551724
1.32183908046,0.606896551724,-0.965517241379
1.32183908046,0.0,-0.965517241379
2.14942528736,0.0,-0.206896551724
2.14942528736,0.606896551724,-0.206896551724
2.6091954023,0.606896551724,-0.758620689655
2.6091954023,0.0,-0.758620689655
1.87356321839,0.0,0.413793103448
1.87356321839,0.229885057471,0.413793103448
1.96551724138,0.229885057471,0.344827586207
1.96551724138,0.0,0.344827586207
2.24137931034,0.0,0.689655172414
2.24137931034,0.229885057471,0.689655172414
2.79310344828,0.229885057471,0.689655172414
2.79310344828,0.0,0.689655172414
1.32183908046,0.0,-0.965517241379
1.32183908046,-0.606896551724,-0.965517241379
1.32183908046,-0.606896551724,-0.206896551724
1.32183908046,0.0,-0.206896551724
2.6091954023,0.0,-0.758620689655
2.6091954023,-0.606896551724,-0.758620689655
2.14942528736,-0.606896551724,-0.206896551724
2.14942528736,0.0,-0.206896551724
1.96551724138,0.0,0.344827586207
1.96551724138,-0.229885057471,0.344827586207
1.87356321839,-0.229885057471,0.413793103448
1.87356321839,0.0,0.413793103448
2.79310344828,0.0,0.689655172414
2.79310344828,-0.229885057471,0.689655172414
2.24137931034,-0.229885057471,0.689655172414
2.24137931034,0.0,0.689655172414
2.24137931034,0.0,0.689655172414
2.24137931034,0.229885057471,0.689655172414
2.79310344828,0.229885057471,0.689655172414
2.79310344828,0.0,0.689655172414
2.33333333333,0.0,0.758620689655
2.33333333333,0.229885057471,0.758620689655
3.0,0.229885057471,0.775862068966
3.0,0.0,0.775862068966
2.42528735632,0.0,0.758620689655
2.42528735632,0.137931034483,0.758620689655
2.93103448276,0.137931034483,0.793103448276
2.93103448276,0.0,0.793103448276
2.33333333333,0.0,0.689655172414
2.33333333333,0.137931034483,0.689655172414
2.70114942529,0.137931034483,0.689655172414
2.70114942529,0.0,0.689655172414
2.79310344828,0.0,0.689655172414
2.79310344828,-0.229885057471,0.689655172414
2.24137931034,-0.229885057471,0.689655172414
2.24137931034,0.0,0.689655172414
3.0,0.0,0.775862068966
3.0,-0.229885057471,0.775862068966
2.33333333333,-0.229885057471,0.758620689655
2.33333333333,0.0,0.758620689655
2.93103448276,0.0,0.793103448276
2.93103448276,-0.137931034483,0.793103448276
2.42528735632,-0.137931034483,0.758620689655
2.42528735632,0.0,0.758620689655
2.70114942529,0.0,0.689655172414
2.70114942529,-0.137931034483,0.689655172414
2.33333333333,-0.137931034483,0.689655172414
2.33333333333,0.0,0.689655172414
-1.71264367816,0.0,0.344827586207
-1.71264367816,0.275862068966,0.344827586207
-1.62068965517,0.275862068966,0.551724137931
-1.62068965517,0.0,0.551724137931
-2.35632183908,0.0,0.344827586207
-2.35632183908,0.275862068966,0.344827586207
-2.54022988506,0.275862068966,0.551724137931
-2.54022988506,0.0,0.551724137931
-2.72413793103,0.0,0.344827586207
-2.72413793103,0.275862068966,0.344827586207
-3.0,0.275862068966,0.551724137931
-3.0,0.0,0.551724137931
-2.72413793103,0.0,0.137931034483
-2.72413793103,0.275862068966,0.137931034483
-3.0,0.275862068966,0.137931034483
-3.0,0.0,0.137931034483
-1.62068965517,0.0,0.551724137931
-1.62068965517,-0.275862068966,0.551724137931
-1.71264367816,-0.275862068966,0.344827586207
-1.71264367816,0.0,0.344827586207
-2.54022988506,0.0,0.551724137931
-2.54022988506,-0.275862068966,0.551724137931
-2.35632183908,-0.275862068966,0.344827586207
-2.35632183908,0.0,0.344827586207
-3.0,0.0,0.551724137931
-3.0,-0.275862068966,0.551724137931
-2.72413793103,-0.275862068966,0.344827586207
-2.72413793103,0.0,0.344827586207
-3.0,0.0,0.137931034483
-3.0,-0.275862068966,0.137931034483
-2.72413793103,-0.275862068966,0.137931034483
-2.72413793103,0.0,0.137931034483
-2.72413793103,0.0,0.137931034483
-2.72413793103,0.275862068966,0.137931034483
-3.0,0.275862068966,0.137931034483
-3.0,0.0,0.137931034483
-2.72413793103,0.0,-0.0689655172414
-2.72413793103,0.275862068966,-0.0689655172414
-3.0,0.275862068966,-0.275862068966
-3.0,0.0,-0.275862068966
-2.54022988506,0.0,-0.48275862069
-2.54022988506,0.275862068966,-0.48275862069
-2.67816091954,0.275862068966,-0.655172413793
-2.67816091954,0.0,-0.655172413793
-2.08045977011,0.0,-0.689655172414
-2.08045977011,0.275862068966,-0.689655172414
-1.98850574713,0.275862068966,-0.965517241379
-1.98850574713,0.0,-0.965517241379
-3.0,0.0,0.137931034483
-3.0,-0.275862068966,0.137931034483
-2.72413793103,-0.275862068966,0.137931034483
-2.72413793103,0.0,0.137931034483
-3.0,0.0,-0.275862068966
-3.0,-0.275862068966,-0.275862068966
-2.72413793103,-0.275862068966,-0.0689655172414
-2.72413793103,0.0,-0.0689655172414
-2.67816091954,0.0,-0.655172413793
-2.67816091954,-0.275862068966,-0.655172413793
-2.54022988506,-0.275862068966,-0.48275862069
-2.54022988506,0.0,-0.48275862069
-1.98850574713,0.0,-0.965517241379
-1.98850574713,-0.275862068966,-0.965517241379
-2.08045977011,-0.275862068966,-0.689655172414
-2.08045977011,0.0,-0.689655172414
-0.0574712643678,0.0,0.965517241379
-0.0574712643678,0.102988505747,0.965517241379
-0.138390804598,0.183908045977,0.965517241379
-0.241379310345,0.183908045977,0.965517241379
0.126436781609,0.0,0.827586206897
0.126436781609,0.205977011494,0.827586206897
-0.0354022988506,0.367816091954,0.827586206897
-0.241379310345,0.367816091954,0.827586206897
0.954022988506,0.0,0.827586206897
0.954022988506,0.669425287356,0.827586206897
0.428045977011,1.19540229885,0.827586206897
-0.241379310345,1.19540229885,0.827586206897
0.954022988506,0.0,0.689655172414
0.954022988506,0.669425287356,0.689655172414
0.428045977011,1.19540229885,0.689655172414
-0.241379310345,1.19540229885,0.689655172414
-0.241379310345,0.183908045977,0.965517241379
-0.344367816092,0.183908045977,0.965517241379
-0.425287356322,0.102988505747,0.965517241379
-0.425287356322,0.0,0.965517241379
-0.241379310345,0.367816091954,0.827586206897
-0.447356321839,0.367816091954,0.827586206897
-0.609195402299,0.205977011494,0.827586206897
-0.609195402299,0.0,0.827586206897
-0.241379310345,1.19540229885,0.827586206897
-0.910804597701,1.19540229885,0.827586206897
-1.4367816092,0.669425287356,0.827586206897
-1.4367816092,0.0,0.827586206897
-0.241379310345,1.19540229885,0.689655172414
-0.910804597701,1.19540229885,0.689655172414
-1.4367816092,0.669425287356,0.689655172414
-1.4367816092,0.0,0.689655172414
-0.425287356322,0.0,0.965517241379
-0.425287356322,-0.102988505747,0.965517241379
-0.344367816092,-0.183908045977,0.965517241379
-0.241379310345,-0.183908045977,0.965517241379
-0.609195402299,0.0,0.827586206897
-0.609195402299,-0.205977011494,0.827586206897
-0.447356321839,-0.367816091954,0.827586206897
-0.241379310345,-0.367816091954,0.827586206897
-1.4367816092,0.0,0.827586206897
-1.4367816092,-0.669425287356,0.827586206897
-0.910804597701,-1.19540229885,0.827586206897
-0.241379310345,-1.19540229885,0.827586206897
-1.4367816092,0.0,0.689655172414
-1.4367816092,-0.669425287356,0.689655172414
-0.910804597701,-1.19540229885,0.689655172414
-0.241379310345,-1.19540229885,0.689655172414
-0.241379310345,-0.183908045977,0.965517241379
-0.138390804598,-0.183908045977,0.965517241379
-0.0574712643678,-0.102988505747,0.965517241379
-0.0574712643678,0.0,0.965517241379
-0.241379310345,-0.367816091954,0.827586206897
-0.0354022988506,-0.367816091954,0.827586206897
0.126436781609,-0.205977011494,0.827586206897
0.126436781609,0.0,0.827586206897
-0.241379310345,-1.19540229885,0.827586206897
0.428045977011,-1.19540229885,0.827586206897
0.954022988506,-0.669425287356,0.827586206897
0.954022988506,0.0,0.827586206897
-0.241379310345,-1.19540229885,0.689655172414
0.428045977011,-1.19540229885,0.689655172414
0.954022988506,-0.669425287356,0.689655172414
0.954022988506,0.0,0.689655172414
-0.241379310345,0.0,1.37931034483
-0.241379310345,0.0,1.37931034483
-0.241379310345,0.0,1.37931034483
-0.241379310345,0.0,1.37931034483
0.494252873563,0.0,1.37931034483
0.494252873563,0.413793103448,1.37931034483
0.172413793103,0.735632183908,1.37931034483
-0.241379310345,0.735632183908,1.37931034483
-0.241379310345,0.0,1.10344827586
-0.241379310345,0.0,1.10344827586
-0.241379310345,0.0,1.10344827586
-0.241379310345,0.0,1.10344827586
-0.0574712643678,0.0,0.965517241379
-0.0574712643678,0.102988505747,0.965517241379
-0.138390804598,0.183908045977,0.965517241379
-0.241379310345,0.183908045977,0.965517241379
-0.241379310345,0.0,1.37931034483
-0.241379310345,0.0,1.37931034483
-0.241379310345,0.0,1.37931034483
-0.241379310345,0.0,1.37931034483
-0.241379310345,0.735632183908,1.37931034483
-0.655172413793,0.735632183908,1.37931034483
-0.977011494253,0.413793103448,1.37931034483
-0.977011494253,0.0,1.37931034483
-0.241379310345,0.0,1.10344827586
-0.241379310345,0.0,1.10344827586
-0.241379310345,0.0,1.10344827586
-0.241379310345,0.0,1.10344827586
-0.241379310345,0.183908045977,0.965517241379
-0.344367816092,0.183908045977,0.965517241379
-0.425287356322,0.102988505747,0.965517241379
-0.425287356322,0.0,0.965517241379
-0.241379310345,0.0,1.37931034483
-0.241379310345,0.0,1.37931034483
-0.241379310345,0.0,1.37931034483
-0.241379310345,0.0,1.37931034483
-0.977011494253,0.0,1.37931034483
-0.977011494253,-0.413793103448,1.37931034483
-0.655172413793,-0.735632183908,1.37931034483
-0.241379310345,-0.735632183908,1.37931034483
-0.241379310345,0.0,1.10344827586
-0.241379310345,0.0,1.10344827586
-0.241379310345,0.0,1.10344827586
-0.241379310345,0.0,1.10344827586
-0.425287356322,0.0,0.965517241379
-0.425287356322,-0.102988505747,0.965517241379
-0.344367816092,-0.183908045977,0.965517241379
-0.241379310345,-0.183908045977,0.965517241379
-0.241379310345,0.0,1.37931034483
-0.241379310345,0.0,1.37931034483
-0.241379310345,0.0,1.37931034483
-0.241379310345,0.0,1.37931034483
-0.241379310345,-0.735632183908,1.37931034483
0.172413793103,-0.735632183908,1.37931034483
0.494252873563,-0.413793103448,1.37931034483
0.494252873563,0.0,1.37931034483
-0.241379310345,0.0,1.10344827586
-0.241379310345,0.0,1.10344827586
-0.241379310345,0.0,1.10344827586
-0.241379310345,0.0,1.10344827586
-0.241379310345,-0.183908045977,0.965517241379
-0.138390804598,-0.183908045977,0.965517241379
-0.0574712643678,-0.102988505747,0.965517241379
-0.0574712643678,0.0,0.965517241379
0.908045977011,0.0,0.689655172414
0.908045977011,0.64367816092,0.689655172414
0.402298850575,1.14942528736,0.689655172414
-0.241379310345,1.14942528736,0.689655172414
0.954022988506,0.0,0.689655172414
0.954022988506,0.669425287356,0.689655172414
0.428045977011,1.19540229885,0.689655172414
-0.241379310345,1.19540229885,0.689655172414
1.0,0.0,0.689655172414
1.0,0.695172413793,0.689655172414
0.453793103448,1.24137931034,0.689655172414
-0.241379310345,1.24137931034,0.689655172414
1.04597701149,0.0,0.689655172414
1.04597701149,0.72091954023,0.689655172414
0.479540229885,1.28735632184,0.689655172414
-0.241379310345,1.28735632184,0.689655172414
-0.241379310345,1.14942528736,0.689655172414
-0.885057471264,1.14942528736,0.689655172414
-1.3908045977,0.64367816092,0.689655172414
-1.3908045977,0.0,0.689655172414
-0.241379310345,1.19540229885,0.689655172414
-0.910804597701,1.19540229885,0.689655172414
-1.4367816092,0.669425287356,0.689655172414
-1.4367816092,0.0,0.689655172414
-0.241379310345,1.24137931034,0.689655172414
-0.936551724138,1.24137931034,0.689655172414
-1.48275862069,0.695172413793,0.689655172414
-1.48275862069,0.0,0.689655172414
-0.241379310345,1.28735632184,0.689655172414
-0.962298850575,1.28735632184,0.689655172414
-1.52873563218,0.72091954023,0.689655172414
-1.52873563218,0.0,0.689655172414
-1.3908045977,0.0,0.689655172414
-1.3908045977,-0.64367816092,0.689655172414
-0.885057471264,-1.14942528736,0.689655172414
-0.241379310345,-1.14942528736,0.689655172414
-1.4367816092,0.0,0.689655172414
-1.4367816092,-0.669425287356,0.689655172414
-0.910804597701,-1.19540229885,0.689655172414
-0.241379310345,-1.19540229885,0.689655172414
-1.48275862069,0.0,0.689655172414
-1.48275862069,-0.695172413793,0.689655172414
-0.936551724138,-1.24137931034,0.689655172414
-0.241379310345,-1.24137931034,0.689655172414
-1.52873563218,0.0,0.689655172414
-1.52873563218,-0.72091954023,0.689655172414
-0.962298850575,-1.28735632184,0.689655172414
-0.241379310345,-1.28735632184,0.689655172414
-0.241379310345,-1.14942528736,0.689655172414
0.402298850575,-1.14942528736,0.689655172414
0.908045977011,-0.64367816092,0.689655172414
0.908045977011,0.0,0.689655172414
-0.241379310345,-1.19540229885,0.689655172414
0.428045977011,-1.19540229885,0.689655172414
0.954022988506,-0.669425287356,0.689655172414
0.954022988506,0.0,0.689655172414
-0.241379310345,-1.24137931034,0.689655172414
0.453793103448,-1.24137931034,0.689655172414
1.0,-0.695172413793,0.689655172414
1.0,0.0,0.689655172414
-0.241379310345,-1.28735632184,0.689655172414
0.479540229885,-1.28735632184,0.689655172414
1.04597701149,-0.72091954023,0.689655172414
1.04597701149,0.0,0.689655172414
